0
0.125333234
0.248689887
0.368124553
0.481753674
0.587785252
0.684547106
0.770513243
0.844327926
0.904827052
0.951056516
0.982287251
0.998026728
0.998026728
0.982287251
0.951056516
0.904827052
0.844327926
0.770513243
0.684547106
0.587785252
0.481753674
0.368124553
0.248689887
0.125333234
-3.21574E-16
-0.125333234
-0.248689887
-0.368124553
-0.481753674
-0.587785252
-0.684547106
-0.770513243
-0.844327926
-0.904827052
-0.951056516
-0.982287251
-0.998026728
-0.998026728
-0.982287251
-0.951056516
-0.904827052
-0.844327926
-0.770513243
-0.684547106
-0.587785252
-0.481753674
-0.368124553
-0.248689887
-0.125333234
6.43149E-16
0.125333234
0.248689887
0.368124553
0.481753674
0.587785252
0.684547106
0.770513243
0.844327926
0.904827052
0.951056516
0.982287251
0.998026728
0.998026728